# transition rates in cm^3/s vs quantum number for nL->nL+/-1
# T = 10, rho= 1e+02, L = 1
#quantum
  50   8.9523e+03
 100   7.6331e+04
 150   2.0740e+05
 200   3.3251e+05
 250   3.8087e+05
 300   3.4183e+05
 350   2.5709e+05
 400   1.7362e+05
 450   1.1293e+05
 500   7.3972e+04
 550   4.9075e+04
 600   3.2912e+04
 650   2.2692e+04
 700   1.6379e+04
 750   1.2318e+04

#semiclassical
  20   3.7092e+02
  30   1.5602e+03
  40   4.2095e+03
  50   8.9073e+03
  60   1.6155e+04
  70   2.6323e+04
  80   3.9624e+04
  90   5.6104e+04
 100   7.5630e+04
 110   9.7910e+04
 120   1.2250e+05
 130   1.4884e+05
 140   1.7626e+05
 150   2.0406e+05
 160   2.3147e+05
 170   2.5777e+05
 180   2.8225e+05
 190   3.0429e+05
 200   3.2335e+05
 210   3.3902e+05
 220   3.5099e+05
 230   3.5911e+05
 240   3.6334e+05
 250   3.6377e+05
 260   3.6060e+05
 270   3.5413e+05
 280   3.4475e+05
 290   3.3288e+05
 300   3.1899e+05
 310   3.0358e+05
 320   2.8711e+05
 330   2.7004e+05
 340   2.5279e+05
 350   2.3573e+05
 360   2.1916e+05
 370   2.0334e+05
 380   1.8845e+05
 390   1.7461e+05
 400   1.6191e+05
 410   1.5036e+05
 420   1.3994e+05
 430   1.3060e+05
 440   1.2228e+05
 450   1.1487e+05
 460   1.0828e+05
 470   1.0240e+05
 480   9.7140e+04
 490   9.2402e+04
 500   8.8104e+04
 510   8.4169e+04
 520   8.0537e+04
 530   7.7155e+04
 540   7.3981e+04
 550   7.0983e+04
 560   6.8136e+04
 570   6.5424e+04
 580   6.2833e+04
 590   6.0354e+04
 600   5.7983e+04
 610   5.5716e+04
 620   5.3552e+04
 630   5.1488e+04
 640   4.9523e+04
 650   4.7655e+04
 660   4.5883e+04
 670   4.4203e+04
 680   4.2612e+04
 690   4.1107e+04
 700   3.9683e+04
 710   3.8335e+04
 720   3.7058e+04
 730   3.5844e+04
 740   3.4684e+04
 750   3.3561e+04
 760   3.2439e+04
 770   3.1233e+04
 780   2.9749e+04
 790   2.7519e+04

# P_and_S
  20   3.8764e+02
  30   1.6451e+03
  40   4.4765e+03
  50   9.5533e+03
  60   1.7473e+04
  70   2.8707e+04
  80   4.3555e+04
  90   6.2108e+04
 100   8.4217e+04
 110   1.0946e+05
 120   1.3714e+05
 130   1.6622e+05
 140   1.9533e+05
 150   2.2276e+05
 160   2.4642e+05
 170   2.6381e+05
 180   2.7205e+05
 190   2.6783e+05
 200   2.4741e+05
 210   2.0658e+05
 220   1.4071e+05
 230   4.4681e+04
 240  -8.7121e+04
 250  -2.6078e+05
 260  -4.8290e+05
 270  -7.6059e+05
 280  -1.1015e+06
 290  -1.5137e+06
 300  -2.0060e+06
 310  -2.5876e+06
 320  -3.2683e+06
 330  -4.0584e+06
 340  -4.9690e+06
 350  -6.0115e+06
 360  -7.1980e+06
 370  -8.5412e+06
 380  -1.0054e+07
 390  -1.1752e+07
 400  -1.3647e+07
 410  -1.5756e+07
 420  -1.8094e+07
 430  -2.0678e+07
 440  -2.3525e+07
 450  -2.6652e+07
 460  -3.0078e+07
 470  -3.3821e+07
 480  -3.7901e+07
 490  -4.2339e+07
 500  -4.7155e+07
 510  -5.2372e+07
 520  -5.8010e+07
 530  -6.4094e+07
 540  -7.0647e+07
 550  -7.7694e+07
 560  -8.5258e+07
 570  -9.3367e+07
 580  -1.0205e+08
 590  -1.1132e+08
 600  -1.2123e+08
 610  -1.3178e+08
 620  -1.4302e+08
 630  -1.5498e+08
 640  -1.6767e+08
 650  -1.8115e+08
 660  -1.9543e+08
 670  -2.1055e+08
 680  -2.2655e+08
 690  -2.4346e+08
 700  -2.6131e+08
 710  -2.8014e+08
 720  -2.9999e+08
 730  -3.2089e+08
 740  -3.4289e+08
 750  -3.6601e+08
 760  -3.9031e+08
 770  -4.1582e+08
 780  -4.4259e+08
 790  -4.7065e+08

# T = 10, rho= 1e+02, L = n-2
#quantum
  50   7.8440e+02
 100   4.7976e+03
 150   1.3218e+04
 200   2.6337e+04
 250   4.3942e+04
 300   6.5518e+04
 350   9.0358e+04
 400   1.1766e+05
 450   1.4658e+05
 500   1.7629e+05
 550   2.0602e+05
 600   2.3506e+05
 650   2.6280e+05
 700   2.8873e+05
 750   3.1244e+05

#semiclassical
  20   6.4231e+01
  30   1.9662e+02
  40   4.2962e+02
  50   7.8194e+02
  60   1.2689e+03
  70   1.9030e+03
  80   2.6946e+03
  90   3.6521e+03
 100   4.7824e+03
 110   6.0908e+03
 120   7.5814e+03
 130   9.2571e+03
 140   1.1120e+04
 150   1.3171e+04
 160   1.5410e+04
 170   1.7836e+04
 180   2.0449e+04
 190   2.3246e+04
 200   2.6224e+04
 210   2.9381e+04
 220   3.2713e+04
 230   3.6216e+04
 240   3.9885e+04
 250   4.3716e+04
 260   4.7703e+04
 270   5.1841e+04
 280   5.6125e+04
 290   6.0548e+04
 300   6.5105e+04
 310   6.9788e+04
 320   7.4591e+04
 330   7.9508e+04
 340   8.4533e+04
 350   8.9657e+04
 360   9.4874e+04
 370   1.0018e+05
 380   1.0556e+05
 390   1.1101e+05
 400   1.1653e+05
 410   1.2211e+05
 420   1.2774e+05
 430   1.3341e+05
 440   1.3912e+05
 450   1.4485e+05
 460   1.5061e+05
 470   1.5639e+05
 480   1.6218e+05
 490   1.6797e+05
 500   1.7375e+05
 510   1.7953e+05
 520   1.8529e+05
 530   1.9103e+05
 540   1.9674e+05
 550   2.0241e+05
 560   2.0805e+05
 570   2.1364e+05
 580   2.1918e+05
 590   2.2466e+05
 600   2.3009e+05
 610   2.3544e+05
 620   2.4073e+05
 630   2.4595e+05
 640   2.5108e+05
 650   2.5613e+05
 660   2.6109e+05
 670   2.6597e+05
 680   2.7075e+05
 690   2.7543e+05
 700   2.8000e+05
 710   2.8448e+05
 720   2.8885e+05
 730   2.9310e+05
 740   2.9725e+05
 750   3.0128e+05
 760   3.0519e+05
 770   3.0899e+05
 780   3.1266e+05
 790   3.1621e+05

# P_and_S
  20   6.6632e+01
  30   2.0487e+02
  40   4.4933e+02
  50   8.2060e+02
  60   1.3358e+03
  70   2.0094e+03
  80   2.8535e+03
  90   3.8784e+03
 100   5.0924e+03
 110   6.5027e+03
 120   8.1149e+03
 130   9.9334e+03
 140   1.1962e+04
 150   1.4202e+04
 160   1.6655e+04
 170   1.9322e+04
 180   2.2203e+04
 190   2.5295e+04
 200   2.8598e+04
 210   3.2108e+04
 220   3.5823e+04
 230   3.9737e+04
 240   4.3847e+04
 250   4.8148e+04
 260   5.2633e+04
 270   5.7297e+04
 280   6.2132e+04
 290   6.7132e+04
 300   7.2289e+04
 310   7.7594e+04
 320   8.3039e+04
 330   8.8615e+04
 340   9.4311e+04
 350   1.0012e+05
 360   1.0603e+05
 370   1.1203e+05
 380   1.1811e+05
 390   1.2425e+05
 400   1.3046e+05
 410   1.3670e+05
 420   1.4298e+05
 430   1.4928e+05
 440   1.5558e+05
 450   1.6187e+05
 460   1.6815e+05
 470   1.7438e+05
 480   1.8057e+05
 490   1.8669e+05
 500   1.9273e+05
 510   1.9868e+05
 520   2.0452e+05
 530   2.1023e+05
 540   2.1580e+05
 550   2.2122e+05
 560   2.2646e+05
 570   2.3151e+05
 580   2.3635e+05
 590   2.4096e+05
 600   2.4533e+05
 610   2.4945e+05
 620   2.5328e+05
 630   2.5682e+05
 640   2.6005e+05
 650   2.6294e+05
 660   2.6548e+05
 670   2.6765e+05
 680   2.6943e+05
 690   2.7080e+05
 700   2.7175e+05
 710   2.7224e+05
 720   2.7227e+05
 730   2.7181e+05
 740   2.7085e+05
 750   2.6935e+05
 760   2.6730e+05
 770   2.6469e+05
 780   2.6148e+05
 790   2.5766e+05
